
2020-12

高位							                    低位						
1 1 1 1 1 1 0 1 0 0 1 0 1 1 1 0 0 1 0 1 1 1 1 0 0 0 0 0 0 0 0    -- 31号	 2,123,837,184	
右移以后
0 1 1 1 1 1 1 0 1 0 0 1 0 1 1 1 0 0 1 0 1 1 1 1 0 0 0 0 0 0 0
然后再左移
1 1 1 1 1 1 0 1 0 0 1 0 1 1 1 0 0 1 0 1 1 1 1 0 0 0 0 0 0 0 0
结论：右移再左移如果等于自己，则表示未签到


1 1 1 1 1 1 0 1 0 0 1 0 1 1 1 0 0 1 0 1 1 1 1 0 0 0 0 0 0 0 1
右移以后
0 1 1 1 1 1 1 0 1 0 0 1 0 1 1 1 0 0 1 0 1 1 1 1 0 0 0 0 0 0 0
然后再左移
1 1 1 1 1 1 0 1 0 0 1 0 1 1 1 0 0 1 0 1 1 1 1 0 0 0 0 0 0 0 0
结论：右移再左移如果不等于自己，则表示已签到


1 1 1 1 1 1 0 1 0 0 1 0 1 1 1 0 0 1 0 1 1 1 1 0 0 0 0 0 0 0      -- 30号    1,061,918,592

1 1 1 1 1 1 0 1 0 0 1 0 1 1 1 0 0 1 0 1 1 1 1 0 0 0 0 0 0        -- 29号

1 1 1 1 1 1 0 1 0 0 1 0 1 1 1 0 0 1 0 1 1 1 1 0 0 0 0 0		 -- 28号

1 1 1 1 1 1 0 1 0 0 1 0 1 1 1 0 0 1 0 1 1 1 1 0 0 0 0 		 -- 27号

1 1 1 1 1 1 0 1 0 0 1 0 1 1 1 0 0 1 0 1 1 1 1 0 0 0 		       -- 26号

1 1 1 1 1 1 0 1 0 0 1 0 1 1 1 0 0 1 0 1 1 1 1 0 0 		       -- 25号

1 1 1 1 1 1 0 1 0 0 1 0 1 1 1 0 0 1 0 1 1 1 1 0 		            -- 24号

1 1 1 1 1 1 0 1 0 0 1 0 1 1 1 0 0 1 0 1 1 1 1			       -- 23号

